#Data spectrum
#Wavelength(microns)	width_bin(microns)	fp/fs(ppm)	error	(ppm)
6.290499999999999980e-01 3.198999999999951882e-03 2.647680832003999853e+02 2.697591842613500148e+02
6.354804999999998927e-01 3.231499999999998263e-03 3.433833766046000164e+02 1.315141787651500067e+02
6.419764999999999500e-01 3.264500000000003510e-03 2.817874661683999875e+02 1.621786261386500030e+02
6.485389999999999766e-01 3.298000000000023135e-03 4.151484300672000245e+02 1.548814378980500237e+02
6.551690000000000014e-01 3.332000000000001627e-03 1.389687115275000053e+02 1.201235153262973938e+02
6.618665000000000243e-01 3.365500000000021252e-03 1.194085943655999955e+02 9.819755172990959124e+01
6.686324999999999630e-01 3.400499999999972989e-03 8.899852866672385687e+01 8.938592616144345016e+01
6.754679999999999573e-01 3.435000000000021370e-03 6.765946193758220772e+01 6.952096190855162661e+01
6.823730000000000073e-01 3.469999999999973106e-03 1.182257444847000016e+02 8.316610093882592025e+01
6.893484999999999197e-01 3.505499999999994731e-03 6.128401497046562696e+01 7.514422102826931393e+01
6.963954999999999451e-01 3.541500000000030735e-03 2.351023249902999908e+02 1.014808331687999896e+02
7.035145000000000426e-01 3.577500000000011227e-03 6.806801013991187688e+01 5.998610823161160965e+01
7.107065000000000188e-01 3.614499999999964963e-03 4.073077989353537021e+01 4.297103257823433609e+01
7.179720000000000546e-01 3.651000000000015344e-03 5.440061070779560026e+01 4.793677354229552634e+01
7.253114999999999979e-01 3.688499999999983459e-03 5.491904469628548924e+01 4.687840754850102343e+01
7.327259999999999884e-01 3.726000000000007084e-03 6.766121424437226040e+01 8.060139480794018141e+01
7.402165000000000550e-01 3.764500000000003954e-03 6.718877308782623459e+01 6.854721618126683325e+01
7.477834999999999344e-01 3.802499999999986446e-03 5.257396138022198073e+01 4.752600377711093671e+01
7.554279999999999884e-01 3.842000000000012072e-03 9.363042263703255230e+01 6.981342061573248259e+01
7.631505000000000649e-01 3.880500000000008942e-03 1.691649364756000011e+02 7.857657747456693187e+01
7.709520000000000817e-01 3.921000000000007812e-03 7.596558964947713832e+01 5.456899845540478822e+01
7.788334999999999564e-01 3.960499999999977927e-03 1.919217537191999838e+02 9.757195141331358457e+01
7.867950000000000221e-01 4.001000000000032308e-03 7.113594531804349685e+01 6.640886907112508197e+01
7.948380000000000445e-01 4.041999999999990045e-03 5.822849183282852437e+01 6.176998355185796896e+01
8.029634999999999412e-01 4.083499999999962160e-03 1.203205375552999925e+02 7.091966851676778560e+01
8.111720000000000041e-01 4.125000000000045297e-03 9.553987527423076642e+01 7.684781624662977606e+01
8.194645000000000401e-01 4.167499999999990656e-03 1.176739856231999966e+02 9.245214823168367957e+01
8.278415000000000079e-01 4.209499999999977149e-03 2.282755999035000229e+02 9.719021642394417881e+01
8.363039999999999363e-01 4.253000000000006775e-03 1.133866742533000007e+02 7.709070216585961077e+01
8.448534999999999240e-01 4.296499999999980890e-03 1.336671878583999842e+02 1.220557804695361312e+02
8.534904999999999298e-01 4.340500000000024894e-03 1.100322356352999975e+02 8.021019776819044012e+01
8.622155000000000236e-01 4.384500000000013387e-03 1.585269526917000178e+02 1.382259063957999956e+02
8.544169999999999821e-01 4.317000000000015270e-03 1.029899417110000002e+02 6.855648546979963953e+01
8.630949999999999456e-01 4.361000000000003762e-03 1.514133467890000020e+02 9.075771735479668223e+01
8.718609999999999971e-01 4.404999999999992255e-03 2.388938073212000006e+02 1.360297901689000071e+02
8.807160000000000544e-01 4.450000000000009504e-03 8.201942144882637820e+01 6.500518578072197329e+01
8.896610000000000351e-01 4.494999999999971241e-03 1.612554796527000178e+02 1.188859707687499991e+02
8.986969999999999681e-01 4.541000000000017245e-03 4.131858203925887807e+01 4.636479948019090358e+01
9.078249999999999931e-01 4.587000000000007738e-03 1.075346341340000009e+02 6.862424407951753835e+01
9.170454999999999579e-01 4.633500000000012609e-03 1.138429528223999938e+02 7.399650724640896726e+01
9.263595000000000024e-01 4.680499999999976346e-03 7.810264982945270162e+01 7.048508843641735666e+01
9.357679999999999332e-01 4.728000000000009972e-03 1.815509656424000013e+02 1.404940332855000236e+02
9.452720000000000011e-01 4.776000000000002466e-03 6.113000738102605425e+01 4.441029344698020509e+01
9.548730000000000828e-01 4.825000000000023714e-03 7.627635726894268942e+01 6.945379194065445461e+01
9.645715000000000261e-01 4.873499999999975074e-03 8.963553648678177410e+01 6.573241289477221017e+01
9.743680000000000119e-01 4.923000000000010701e-03 4.313920303296568903e+01 5.203270751270369487e+01
9.842640000000000278e-01 4.973000000000005194e-03 5.550574534043072106e+01 4.327384790062464504e+01
9.942610000000000614e-01 5.023999999999972932e-03 4.822836530649029640e+01 5.324489279160813027e+01
1.004359500000000072e+00 5.074499999999981803e-03 6.206777514776801041e+01 4.340575984225471018e+01
1.014559999999999906e+00 5.126000000000074941e-03 5.988730231215154021e+01 4.245052806876564233e+01
1.024864500000000067e+00 5.178499999999974790e-03 4.794481656603096553e+01 4.081127391785216219e+01
1.035274000000000028e+00 5.230999999999985661e-03 5.531925244325830704e+01 5.120281140022426314e+01
1.045788500000000010e+00 5.283499999999996533e-03 1.176581840275999866e+02 4.579307648262176400e+01
1.056410000000000071e+00 5.337999999999953893e-03 2.781636679689804481e+01 3.191848922083135420e+01
1.067139999999999977e+00 5.392000000000063409e-03 7.579867241327501404e+01 4.212823059192096764e+01
1.077978499999999951e+00 5.446500000000020769e-03 5.233935663922164139e+01 3.723091346779266075e+01
1.088926999999999978e+00 5.502000000000006885e-03 1.142023568980000050e+02 4.627298100455797680e+01
1.099986499999999978e+00 5.557499999999993001e-03 7.093708978389437902e+01 4.275692132898788600e+01
1.111158500000000160e+00 5.614499999999966739e-03 4.543829843384420286e+01 3.646721359327589340e+01
1.122443999999999997e+00 5.670999999999981611e-03 9.866210714684251570e+01 4.352258100577574851e+01
1.133843999999999852e+00 5.728999999999984105e-03 1.183094235094000055e+02 4.296905513114373321e+01
1.145359999999999934e+00 5.786999999999986599e-03 1.345828696494000098e+02 5.392272142464705809e+01
1.156992999999999938e+00 5.846000000000017849e-03 1.157181428112000106e+02 4.164218119624499082e+01
1.168744499999999853e+00 5.905500000000007965e-03 6.776481209767312919e+01 4.210388366280808015e+01
1.180614999999999970e+00 5.964999999999998082e-03 1.174341731385000003e+02 4.250323442606935487e+01
1.192606000000000055e+00 6.025999999999975820e-03 1.580234344460999978e+02 5.580037175963547469e+01
1.204718999999999873e+00 6.087000000000064581e-03 9.539642582258896653e+01 4.471413731797692748e+01
1.216954499999999939e+00 6.148500000000001187e-03 1.037021601432000040e+02 4.435867738059484822e+01
1.229314500000000088e+00 6.211499999999925414e-03 8.449371752911407896e+01 4.069952497178963569e+01
1.241800500000000085e+00 6.274500000000071687e-03 1.834647905581000202e+02 3.710138282311482527e+01
1.254413000000000000e+00 6.337999999999954781e-03 1.977621477888000072e+02 4.619519918328386865e+01
1.267153500000000044e+00 6.402499999999977653e-03 1.844339850339000009e+02 4.002449053782601140e+01
1.280023499999999981e+00 6.467500000000070415e-03 1.825588251002000106e+02 3.948376067757518371e+01
1.293023999999999951e+00 6.533000000000011021e-03 1.499163340727000104e+02 4.158399196540023723e+01
1.306156500000000165e+00 6.599499999999980382e-03 2.299729376770999920e+02 3.883450404710162474e+01
1.319422499999999943e+00 6.666500000000019632e-03 1.978989912506000053e+02 3.914750008328284281e+01
1.332823499999999939e+00 6.734499999999976616e-03 1.510308958889000053e+02 4.251794681010058241e+01
1.346360499999999849e+00 6.802499999999933600e-03 1.135199138040999998e+02 4.615449669036689784e+01
1.360034999999999883e+00 6.872000000000100250e-03 1.024378645159000030e+02 4.738087399612260953e+01
1.373848500000000028e+00 6.941499999999933834e-03 1.852844209291999960e+02 4.196072122002140503e+01
1.387801999999999980e+00 7.012000000000018218e-03 5.585597048114965446e+01 4.346442180476936556e+01
1.401896999999999949e+00 7.082999999999950447e-03 4.487930918494382126e+01 3.875284213178129278e+01
1.416135499999999992e+00 7.155500000000092342e-03 1.046458186634999947e+02 4.974624984423430618e+01
1.430518500000000026e+00 7.227499999999942304e-03 1.807642336547999946e+02 4.900316840239695892e+01
1.445047499999999818e+00 7.301499999999960799e-03 1.476549833881999803e+02 4.531414298080420622e+01
1.459724500000000091e+00 7.375500000000090317e-03 1.264051057492000183e+02 4.410677920372926053e+01
1.474550499999999875e+00 7.450499999999915524e-03 1.426024223209000183e+02 4.500340761083825925e+01
1.489526999999999823e+00 7.526000000000032664e-03 1.985997403171000144e+02 8.193676412623530325e+01
1.504655500000000146e+00 7.602500000000067537e-03 2.313438185024000120e+02 5.422035035832894323e+01
1.519937500000000163e+00 7.679499999999950255e-03 8.984192435874417981e+01 4.848597346694181454e+01
1.535374500000000086e+00 7.757499999999972751e-03 2.060102512427000079e+02 4.690651755941328105e+01
1.550968499999999972e+00 7.836500000000024002e-03 2.786296463327000197e+02 4.850731546092644209e+01
1.566721000000000030e+00 7.916000000000034120e-03 1.979833160730000259e+02 4.857963574295858677e+01
1.582633500000000026e+00 7.996499999999961972e-03 2.687869985561999897e+02 5.090226248873449322e+01
1.598708000000000018e+00 8.078000000000029601e-03 3.932922813673999940e+02 5.007057516261482277e+01
1.614945500000000145e+00 8.159499999999986208e-03 3.613054642307999984e+02 5.298555701914546034e+01
1.631347499999999950e+00 8.242500000000041460e-03 3.069558172091000188e+02 5.022402611936667682e+01
1.647916500000000006e+00 8.326499999999903423e-03 3.655921794477000049e+02 5.450321567005122603e+01
1.664654000000000078e+00 8.411000000000057319e-03 3.749243133607000118e+02 5.368992580587151764e+01
1.681560999999999861e+00 8.495999999999948038e-03 4.279195816643999706e+02 5.629204112313324515e+01
1.698639999999999928e+00 8.583000000000007290e-03 4.320654312204000007e+02 5.901756947502052242e+01
1.715892499999999821e+00 8.669499999999996653e-03 3.422271018295999738e+02 5.801736208707423970e+01
1.733319999999999972e+00 8.758000000000043528e-03 4.060404161324000256e+02 5.923416741379804051e+01
1.750924499999999995e+00 8.846499999999979380e-03 3.415797170413999879e+02 5.697108127681389789e+01
1.768707999999999947e+00 8.936999999999972744e-03 3.539320805486999575e+02 6.163123054736877293e+01
1.786671999999999816e+00 9.027000000000007240e-03 2.871472649624000155e+02 7.040915572973938197e+01
1.804818500000000103e+00 9.119500000000058115e-03 4.092753500355000256e+02 6.329953607669193616e+01
1.823149499999999978e+00 9.211499999999928079e-03 4.141530399334000094e+02 6.776741911409948216e+01
1.841666500000000095e+00 9.305500000000077598e-03 4.033945277047000104e+02 6.146008532358142418e+01
1.860371500000000067e+00 9.399500000000005073e-03 3.842492812951999781e+02 7.078676460084190580e+01
1.879266499999999951e+00 9.495499999999990060e-03 3.815118177012000160e+02 7.429805941669003744e+01
1.898353500000000027e+00 9.591499999999975046e-03 4.398597686374000091e+02 7.060560681873664635e+01
1.917634000000000061e+00 9.688999999999947654e-03 5.293682457566000039e+02 7.077407285032181505e+01
1.937110499999999957e+00 9.787500000000060041e-03 4.041150148675999958e+02 7.183088144199922453e+01
1.956784999999999997e+00 9.886999999999979138e-03 5.265933253593000245e+02 7.747376807907748741e+01
1.976659500000000014e+00 9.987500000000038014e-03 4.740938222160999658e+02 7.602378781128474827e+01
1.996735499999999996e+00 1.008849999999994473e-02 4.870846589884000082e+02 8.401497238627793251e+01
2.017015500000000294e+00 1.019150000000013101e-02 4.617193422299999952e+02 8.261653228851926656e+01
2.037501500000000298e+00 1.029449999999987320e-02 4.097895974699999897e+02 8.367692680798032256e+01
2.058195500000000067e+00 1.039950000000011698e-02 4.982011512076999793e+02 1.175691436912499910e+02
2.079100000000000392e+00 1.050499999999998657e-02 5.056512609140000336e+02 8.747894100285085983e+01
2.100216500000000153e+00 1.061149999999999594e-02 6.417259647851000182e+02 8.619759000769063562e+01
2.121547500000000142e+00 1.071949999999999292e-02 5.727087546609000128e+02 8.957064719204851144e+01
2.143094999999999750e+00 1.082799999999983775e-02 7.146562461589001032e+02 9.154277455358274551e+01
2.164861499999999772e+00 1.093850000000018419e-02 5.789710964534999675e+02 1.030453879899500009e+02
2.186849000000000043e+00 1.104899999999986449e-02 6.855416990713999894e+02 9.877767200772939304e+01
2.209059499999999954e+00 1.116150000000004638e-02 8.103417279334998966e+02 9.523233004241261312e+01
2.231495999999999924e+00 1.127499999999992397e-02 7.411393577989999812e+02 1.006004043212665522e+02
2.254160500000000233e+00 1.138950000000016338e-02 9.700431504499999846e+02 1.044161769759000009e+02
2.277054999999999829e+00 1.150499999999987644e-02 7.212749203457000249e+02 1.101035030827500094e+02
2.300181999999999949e+00 1.162200000000002120e-02 7.998212274493999985e+02 1.084259514051500020e+02
2.323544000000000054e+00 1.174000000000008370e-02 8.531799757500000396e+02 1.062444862054999959e+02
2.347143500000000049e+00 1.185949999999991178e-02 6.191867097625000724e+02 1.094405677120499831e+02
2.370982500000000215e+00 1.197950000000003179e-02 6.290082690842999682e+02 1.125346725627500035e+02
2.395063500000000012e+00 1.210149999999998727e-02 1.022998808288700047e+03 1.136741269240499861e+02
2.419389500000000304e+00 1.222450000000008252e-02 8.027998964349000062e+02 1.240279536127499824e+02
2.443962500000000038e+00 1.234849999999987347e-02 7.776399366813999450e+02 1.285996375619499759e+02
2.468784499999999937e+00 1.247350000000002623e-02 9.344859739444999605e+02 1.309207827116500198e+02
2.493858499999999978e+00 1.260050000000001447e-02 5.450817899958000226e+02 1.274015894082999978e+02
2.519187500000000135e+00 1.272849999999992043e-02 9.311793806078999296e+02 1.307635695675000136e+02
2.544773999999999869e+00 1.285800000000003607e-02 6.996194875174999197e+02 1.544828149551499905e+02
2.570620499999999975e+00 1.298850000000006943e-02 8.767298180551999849e+02 1.491902406600000006e+02
2.596729499999999913e+00 1.312049999999986838e-02 8.157392570460000343e+02 1.547787648627500232e+02
2.623103500000000032e+00 1.325350000000002915e-02 6.087526281330999609e+02 1.649885284162999994e+02
2.649745000000000239e+00 1.338800000000017754e-02 6.071726686358999814e+02 1.560096860237999863e+02
2.676657000000000064e+00 1.352399999999986946e-02 7.603787579872999913e+02 1.633706448261499986e+02
2.703842499999999927e+00 1.366149999999999309e-02 6.377977967225000384e+02 1.742409132493999948e+02
2.731304500000000246e+00 1.380050000000010435e-02 8.059571598546999667e+02 1.726864460701999917e+02
2.759045500000000040e+00 1.394049999999991130e-02 8.351487192099000367e+02 1.919948890825500030e+02
2.787067999999999657e+00 1.408199999999992791e-02 7.943587424149000071e+02 2.248184012227500261e+02
2.815374999999999961e+00 1.422500000000015419e-02 1.149851133526700096e+03 3.256324795041999778e+02

