#Data spectrum
#Wavelength(microns)	fp/fs	error	width_bin(microns)
6.039714999999999945e-01 -5.869642663190732801e-05 9.264546388213493926e-05
6.101455000000000073e-01 -1.942967917670913685e-04 9.567022904150423860e-05
6.163825000000000554e-01 1.208850186674032408e-04 9.214833368821106813e-05
6.226840000000000153e-01 -6.602474601698130714e-05 7.452012122224488660e-05
6.290499999999999980e-01 -2.145948647935521161e-04 7.016982695041768718e-05
6.354804999999998927e-01 -8.529474168942675384e-05 6.789577167353483158e-05
6.419764999999999500e-01 -1.990022788191102659e-05 6.392129383750510890e-05
6.485389999999999766e-01 -4.981301885367393783e-05 6.208977282681866160e-05
6.551690000000000014e-01 -6.064163856892619569e-05 6.119189427864033404e-05
6.618665000000000243e-01 8.849140318890192283e-06 5.842152849871836892e-05
6.686324999999999630e-01 -1.651815831675577310e-04 7.423253910202772519e-05
6.754679999999999573e-01 -1.251999208805352706e-05 5.522631986341007391e-05
6.823730000000000073e-01 4.525208289024801669e-05 5.385410703284894304e-05
6.893484999999999197e-01 -5.021750157868306463e-05 5.288448936170617707e-05
6.963954999999999451e-01 -1.125497882301628989e-04 4.564727572393626886e-05
7.035145000000000426e-01 -2.466614450828317172e-05 5.086230723121667243e-05
7.107065000000000188e-01 1.114149682931108577e-05 5.173915802723449384e-05
7.179720000000000546e-01 7.392030109722408197e-05 5.162237668114722639e-05
7.253114999999999979e-01 1.077094767657198887e-05 5.165781652053048667e-05
7.327259999999999884e-01 -2.580611344855454972e-05 5.297072293313331550e-05
7.402165000000000550e-01 6.922693633442983559e-05 5.304226476015514976e-05
7.477834999999999344e-01 2.188190217463497838e-05 4.744611788396932948e-05
7.554279999999999884e-01 2.383523345403240292e-05 5.445559232802855108e-05
7.631505000000000649e-01 7.268647477705641633e-05 5.558702332415832762e-05
7.709520000000000817e-01 1.443989046845330255e-04 5.845145909259285996e-05
7.788334999999999564e-01 -6.327394919444749035e-05 5.189721666937740092e-05
7.867950000000000221e-01 -2.882245752455553359e-05 5.946310550605668027e-05
7.948380000000000445e-01 5.482291479166796495e-05 5.477515819111029296e-05
8.029634999999999412e-01 1.205695914536755769e-04 6.291268400460025743e-05
8.111720000000000041e-01 8.860843351680240134e-05 5.810890746847377839e-05
8.194645000000000401e-01 6.505803678476987752e-05 6.638127050911520294e-05
8.278415000000000079e-01 2.000777906011660251e-04 6.167584243119589608e-05
8.363039999999999363e-01 3.014599195145769087e-05 7.094277526799305854e-05
8.448534999999999240e-01 -4.802473380413965934e-06 6.642881037304955677e-05
8.534904999999999298e-01 1.171041587259592787e-04 7.682998453326928803e-05
8.622155000000000236e-01 -1.217016976364473013e-04 7.123050899060127472e-05
8.544169999999999821e-01 1.456150151334159040e-04 6.034071634874766944e-05
8.630949999999999456e-01 6.861462356344548463e-05 6.536032461633623685e-05
8.718609999999999971e-01 1.021962625878322820e-05 5.139686348361146353e-05
8.807160000000000544e-01 5.007265489406168018e-05 6.040673197658309626e-05
8.896610000000000351e-01 5.262377357929311916e-05 4.969210956738935933e-05
8.986969999999999681e-01 2.038586490206960650e-05 6.203997798607869716e-05
9.078249999999999931e-01 1.266305726305635981e-04 5.230109062188143806e-05
9.170454999999999579e-01 9.395290474170819894e-05 5.868121091235003345e-05
9.263595000000000024e-01 4.978563060432289521e-06 4.599013709606494734e-05
9.357679999999999332e-01 -5.165502603893430689e-05 5.377558736241204370e-05
9.452720000000000011e-01 9.281749495207262945e-05 4.436566946912647003e-05
9.548730000000000828e-01 9.355621458250090760e-05 4.349624044029663149e-05
9.645715000000000261e-01 1.406968865418759852e-04 5.390784352476102423e-05
9.743680000000000119e-01 -1.022077259263977006e-05 4.305458535535453132e-05
9.842640000000000278e-01 7.101866484739322060e-05 4.411879464386414502e-05
9.942610000000000614e-01 -3.425383612899734607e-06 5.010748714945128472e-05
1.004359500000000072e+00 5.763235196786243431e-05 4.112753697934347195e-05
1.014559999999999906e+00 8.776048066248240452e-05 4.053327626231764837e-05
1.024864500000000067e+00 1.187330459485195014e-04 4.019962076531060052e-05
1.035274000000000028e+00 6.715923505536819382e-05 3.941891324823767432e-05
1.045788500000000010e+00 1.518155879761207768e-04 3.978540574483047424e-05
1.056410000000000071e+00 5.999585892621679684e-05 4.831970532696828834e-05
1.067139999999999977e+00 1.122037285264989166e-04 3.881761558863278041e-05
1.077978499999999951e+00 7.440964330154725714e-05 3.820215335112494816e-05
1.088926999999999978e+00 1.323590520148160902e-04 4.387148081983858886e-05
1.099986499999999978e+00 1.439066074518455121e-04 3.765144908480936773e-05
1.111158500000000160e+00 7.173866001814546711e-05 3.839718974970319208e-05
1.122443999999999997e+00 1.120835893774502906e-04 3.738255834697103651e-05
1.133843999999999852e+00 1.216829122588017619e-04 3.794627824580155419e-05
1.145359999999999934e+00 6.533222159581357502e-05 3.815022446179703507e-05
1.156992999999999938e+00 3.957452793269695268e-05 3.835518901022134806e-05
1.168744499999999853e+00 1.422116970481902972e-04 3.850168219617979839e-05
1.180614999999999970e+00 1.264053518350281326e-04 3.254143754732144624e-05
1.192606000000000055e+00 1.365847389410481674e-04 3.785385774610408176e-05
1.204718999999999873e+00 1.133110678948271165e-04 3.814365321295681231e-05
1.216954499999999939e+00 1.017582806228563703e-04 3.698690269741174169e-05
1.229314500000000088e+00 1.269401969297417746e-04 3.793797478299666405e-05
1.241800500000000085e+00 1.542387295042080275e-04 3.348290920399948499e-05
1.254413000000000000e+00 1.307994684091584039e-04 3.901479873533419658e-05
1.267153500000000044e+00 1.229034784518889464e-04 4.000883978280955620e-05
1.280023499999999981e+00 2.223777902753695877e-04 3.446371377982413104e-05
1.293023999999999951e+00 1.746612991211163313e-04 4.051038826806142292e-05
1.306156500000000165e+00 2.484070793604882554e-04 3.449025277143685537e-05
1.319422499999999943e+00 1.420888736486045632e-04 4.084866899494297879e-05
1.332823499999999939e+00 1.983885589499300404e-04 3.617805540125668698e-05
1.346360499999999849e+00 1.171849098683726970e-04 4.273816319449056452e-05
1.360034999999999883e+00 1.654255701582368898e-04 3.599683443686945371e-05
1.373848500000000028e+00 2.192775882505903638e-04 4.272865392254095510e-05
1.387801999999999980e+00 1.434514747764982327e-04 3.843341744216534410e-05
1.401896999999999949e+00 6.853939059980384619e-05 3.903866397366699011e-05
1.416135499999999992e+00 1.995302623037266269e-04 4.541127413107830685e-05
1.430518500000000026e+00 1.273379614533816893e-04 3.971579568068824955e-05
1.445047499999999818e+00 1.576900245479477027e-04 7.669389528689680231e-05
1.459724500000000091e+00 1.242370584256197261e-04 4.240159964629591825e-05
1.474550499999999875e+00 1.541866790519235005e-04 5.008867962296679614e-05
1.489526999999999823e+00 1.162220514521910452e-04 4.393027964534740711e-05
1.504655500000000146e+00 1.003999110856363227e-04 4.442667903498736192e-05
1.519937500000000163e+00 1.163793141798086798e-04 4.608876834684434964e-05
1.535374500000000086e+00 1.958133445072913776e-04 9.491343195514604031e-05
1.550968499999999972e+00 2.673046688216234104e-04 5.856942142529062085e-05
1.566721000000000030e+00 2.151841597319964744e-04 4.907515253706470562e-05
1.582633500000000026e+00 2.841893877867970441e-04 4.927070767459894166e-05
1.598708000000000018e+00 3.325839790328782158e-04 9.024293872279741890e-05
1.614945500000000145e+00 3.239318945750289751e-04 5.401971433135442917e-05
1.631347499999999950e+00 3.478526499464088700e-04 4.767896255643186534e-05
1.647916500000000006e+00 3.830182387376760019e-04 5.584544499010843269e-05
1.664654000000000078e+00 4.107789817712459413e-04 5.638544972275352676e-05
1.681560999999999861e+00 4.761864654058469153e-04 5.271177066671015325e-05
1.698639999999999928e+00 4.441809780755846815e-04 6.046251424877450921e-05
1.715892499999999821e+00 3.852316118063850523e-04 1.080900746443204998e-04
1.733319999999999972e+00 3.550849145784372657e-04 5.767889627043494333e-05
1.750924499999999995e+00 4.082285129080182040e-04 6.397587155804296375e-05
1.768707999999999947e+00 4.627293943886923795e-04 5.866023880394885542e-05
1.786671999999999816e+00 3.701733434007994494e-04 6.694110258479747666e-05
1.804818500000000103e+00 6.232099721825346732e-04 6.160011154269652675e-05
1.823149499999999978e+00 4.805730259255711870e-04 6.312842244133414751e-05
1.841666500000000095e+00 5.130381469602113102e-04 9.574750834862493030e-05
1.860371500000000067e+00 5.279571844908361421e-04 6.514095167696130602e-05
1.879266499999999951e+00 4.718307674464493405e-04 6.768518107240118647e-05
1.898353500000000027e+00 4.395762789908900224e-04 6.681740640433483458e-05
1.917634000000000061e+00 4.605346090124358784e-04 8.489412914976734136e-05
1.937110499999999957e+00 3.333723839840276992e-04 7.031607321331756553e-05
1.956784999999999997e+00 4.495964369782790514e-04 7.099026018190506969e-05
1.976659500000000014e+00 3.442838956650578781e-04 7.194558906583170663e-05
1.996735499999999996e+00 4.178961126598917356e-04 7.311247926665469720e-05
2.017015500000000294e+00 3.252241551389245902e-04 7.402795942292828501e-05
2.037501500000000298e+00 5.007989851817725314e-04 6.862148407214276827e-05
2.058195500000000067e+00 3.742913008220845935e-04 6.627734866392832511e-05
2.079100000000000392e+00 6.319253968222300014e-04 7.782806931681127073e-05
2.100216500000000153e+00 7.208015057552482003e-04 7.221273966265066011e-05
2.121547500000000142e+00 6.012585417222869513e-04 8.077436601233107583e-05
2.143094999999999750e+00 5.888013601691522228e-04 1.764128044956915584e-04
2.164861499999999772e+00 7.606461416259351765e-04 8.595227917901595758e-05
2.186849000000000043e+00 6.559313897252726754e-04 7.760775001009521219e-05
2.209059499999999954e+00 7.021909749868079746e-04 8.819343328445302201e-05
2.231495999999999924e+00 6.759933644750361478e-04 1.758617869036821642e-04
2.254160500000000233e+00 8.073736459491259038e-04 2.143830541991766244e-04
2.277054999999999829e+00 6.257006408497094293e-04 8.421148218803396453e-05
2.300181999999999949e+00 8.574567624051546719e-04 8.647203599946437697e-05
2.323544000000000054e+00 8.244421840988438001e-04 8.820391415639920176e-05
2.347143500000000049e+00 6.183250881876173376e-04 9.017821398761880587e-05
2.370982500000000215e+00 6.792588285101001195e-04 9.224930590874658013e-05
2.395063500000000012e+00 9.200354678471970010e-04 9.446486018373397020e-05
2.419389500000000304e+00 3.375937562018803211e-04 1.000523613395537477e-04
2.443962500000000038e+00 6.606110514898453408e-04 9.886584340878265629e-05
2.468784499999999937e+00 8.879988519857105831e-04 9.331806845742069800e-05
2.493858499999999978e+00 8.991842796252832440e-04 3.128760522249729534e-04
2.519187500000000135e+00 9.048596494799214952e-04 1.067937541126641519e-04
2.544773999999999869e+00 5.384172847227210049e-04 1.016351807388437845e-04
2.570620499999999975e+00 9.220051606938632106e-04 1.137644026825142360e-04
2.596729499999999913e+00 9.824492579082757214e-04 1.061707280565784667e-04
2.623103500000000032e+00 6.958081520950774347e-04 1.108908424447121115e-04
2.649745000000000239e+00 4.260331246542061519e-04 1.223191500275885976e-04
2.676657000000000064e+00 9.469653262436487657e-04 1.158225684029104495e-04
2.703842499999999927e+00 7.553668334406173470e-04 1.173158310538440115e-04
2.731304500000000246e+00 6.608865187593376388e-04 1.223677234064038876e-04
2.759045500000000040e+00 7.406010683131846644e-04 1.291120111307051017e-04
2.787067999999999657e+00 1.720834853107528601e-04 1.270605048493452915e-04
2.815374999999999961e+00 6.290765719285973693e-04 1.445091522328618907e-04
